chain	iteration	posterior	likelihood	aRP1	aRP2	aRP3	aJZ1	aJZ2	aJZ3	aTZ1	aTZ2	aTZ3	startP1	startP2	startP3	startZ1	startZ2	startZ3	fR	K	sdZ	sdP	fJ	d	W	q
0	10000	-139.313165	-139.313165	14.501579	7.059114	46.502200	153.042408	154.792353	48.987999	0.826607	1.077866	2.571040	0.005000	0.048000	0.007000	0.001000	0.021000	0.037000	0.900000	0.100048	1.244718	1.250534	0.900000	0.062543	1.575050	1.392123
0	10100	-142.433026	-142.433026	11.588176	6.970555	58.913201	153.702278	157.375520	77.878388	0.968211	0.946142	2.483184	0.005000	0.048000	0.007000	0.001000	0.021000	0.037000	0.900000	0.100902	1.297417	1.783505	0.900000	0.017617	1.742658	1.420007
0	10200	-140.428293	-140.428293	9.324522	3.170817	48.298800	119.157014	138.321158	120.131284	0.372186	0.284588	2.964712	0.005000	0.048000	0.007000	0.001000	0.021000	0.037000	0.900000	0.104608	1.129069	1.467339	0.900000	0.047138	2.652048	1.315337
0	10300	-144.649188	-144.649188	6.635270	3.629039	41.408642	76.105472	144.224703	78.032737	0.329500	0.574882	2.800749	0.005000	0.048000	0.007000	0.001000	0.021000	0.037000	0.900000	0.102408	1.413921	1.657946	0.900000	0.089483	3.694116	1.283595
0	10400	-143.716104	-143.716104	3.378558	1.553458	20.913398	87.225414	121.212513	69.573103	0.194018	0.329214	1.751830	0.005000	0.048000	0.007000	0.001000	0.021000	0.037000	0.900000	0.108886	1.199306	1.598604	0.900000	0.009347	3.484639	1.296818
0	10500	-146.934812	-146.934812	5.587458	1.756350	26.323361	57.367557	157.947900	40.929380	0.297220	0.742809	3.549480	0.005000	0.048000	0.007000	0.001000	0.021000	0.037000	0.900000	0.100585	1.512511	1.547880	0.900000	0.045768	2.829700	1.343462
0	10600	-147.860463	-147.860463	13.240397	2.966528	18.365651	24.606844	185.334535	130.799523	0.410679	0.759458	3.284356	0.005000	0.048000	0.007000	0.001000	0.021000	0.037000	0.900000	0.111020	1.183781	1.578917	0.900000	0.053632	1.217636	1.345791
0	10700	-140.339913	-140.339913	13.657825	3.946934	38.925026	116.115760	159.436563	161.360289	0.827079	1.584677	3.020163	0.005000	0.048000	0.007000	0.001000	0.021000	0.037000	0.900000	0.107068	1.130781	1.805027	0.900000	0.066781	1.612426	1.323561
0	10800	-138.437114	-138.437114	12.763066	5.069986	52.052043	67.158304	185.844612	123.353715	0.384834	1.894818	2.703571	0.005000	0.048000	0.007000	0.001000	0.021000	0.037000	0.900000	0.103889	0.947742	1.519613	0.900000	0.008251	1.941467	1.298699
0	10900	-141.258982	-141.258982	11.966758	8.123959	49.449389	97.817058	160.387593	42.135665	0.862281	2.112101	2.058802	0.005000	0.048000	0.007000	0.001000	0.021000	0.037000	0.900000	0.106681	1.130141	1.795838	0.900000	0.012692	1.751283	1.298441
0	11000	-140.312445	-140.312445	11.920066	7.557078	44.303731	139.765219	134.797505	22.225001	1.533894	1.695007	2.432419	0.005000	0.048000	0.007000	0.001000	0.021000	0.037000	0.900000	0.109090	1.069007	1.534286	0.900000	0.083556	1.857814	1.251314
0	11100	-141.074942	-141.074942	16.122320	4.610103	51.117800	119.863424	139.709041	51.340474	1.531971	2.043707	2.460537	0.005000	0.048000	0.007000	0.001000	0.021000	0.037000	0.900000	0.106995	0.937937	1.415935	0.900000	0.095790	1.768264	1.247949
0	11200	-142.902349	-142.902349	19.668302	0.572475	45.829096	146.784711	146.396334	65.344757	1.788901	1.945162	2.689779	0.005000	0.048000	0.007000	0.001000	0.021000	0.037000	0.900000	0.101692	1.478174	1.290160	0.900000	0.049165	1.611728	1.250775
0	11300	-138.916652	-138.916652	15.907267	0.068873	48.732562	98.358253	139.214127	151.259613	1.209508	1.769854	2.905624	0.005000	0.048000	0.007000	0.001000	0.021000	0.037000	0.900000	0.107962	1.070259	1.562080	0.900000	0.079192	1.510164	1.281166
0	11400	-140.015075	-140.015075	11.416888	2.149338	28.410110	157.096176	120.287429	110.576584	1.379132	1.103284	2.731109	0.005000	0.048000	0.007000	0.001000	0.021000	0.037000	0.900000	0.106712	1.262294	1.473335	0.900000	0.018972	1.722616	1.300600
0	11500	-139.835694	-139.835694	16.344998	5.005677	46.587140	127.028531	161.253502	33.369531	1.187396	1.792667	2.164174	0.005000	0.048000	0.007000	0.001000	0.021000	0.037000	0.900000	0.101358	1.289565	1.502841	0.900000	0.053710	2.067587	1.240628
0	11600	-141.370729	-141.370729	17.981453	6.373610	62.621898	184.052136	116.643496	28.511949	1.004668	1.172758	2.300645	0.005000	0.048000	0.007000	0.001000	0.021000	0.037000	0.900000	0.103666	0.968492	1.438944	0.900000	0.057968	2.370973	1.238327
0	11700	-137.527239	-137.527239	17.981453	5.562273	76.899058	86.116599	118.129394	19.392980	0.481982	1.222146	2.510510	0.005000	0.048000	0.007000	0.001000	0.021000	0.037000	0.900000	0.100577	0.963782	1.414027	0.900000	0.080994	2.410216	1.225001
0	11800	-141.844982	-141.844982	21.256817	3.617501	105.867784	70.540891	118.129394	188.258926	0.108842	0.770452	2.871972	0.005000	0.048000	0.007000	0.001000	0.021000	0.037000	0.900000	0.102999	0.891922	1.675778	0.900000	0.026158	2.129328	1.249367
0	11900	-138.970648	-138.970648	23.338790	2.285045	114.363623	70.540891	113.723277	172.893241	0.239840	0.728474	3.511857	0.005000	0.048000	0.007000	0.001000	0.021000	0.037000	0.900000	0.103026	1.088449	1.629377	0.900000	0.053854	2.013527	1.266917
0	12000	-140.081049	-140.081049	24.387424	2.232555	114.363623	95.710318	113.723277	172.893241	0.200782	0.952599	3.519900	0.005000	0.048000	0.007000	0.001000	0.021000	0.037000	0.900000	0.103026	1.083239	1.527397	0.900000	0.005570	1.987982	1.266917
0	12100	-138.562062	-138.562062	28.785051	2.824891	101.542369	148.897190	113.723277	167.084612	0.749443	0.535088	2.756310	0.005000	0.048000	0.007000	0.001000	0.021000	0.037000	0.900000	0.103026	1.152640	1.598420	0.900000	0.051763	2.090020	1.328139
0	12200	-138.162280	-138.162280	29.559038	2.700448	98.630771	122.306591	99.231975	125.281319	0.504629	0.567161	2.849291	0.005000	0.048000	0.007000	0.001000	0.021000	0.037000	0.900000	0.102024	1.035264	1.329089	0.900000	0.003485	1.754895	1.395660
0	12300	-140.180014	-140.180014	28.208305	1.634923	105.411625	96.803230	115.011847	122.769503	0.390185	0.400190	3.468090	0.005000	0.048000	0.007000	0.001000	0.021000	0.037000	0.900000	0.100674	1.052384	1.522643	0.900000	0.013301	1.802411	1.403663
0	12400	-140.267250	-140.267250	28.208305	1.820277	103.600474	66.408191	77.747850	110.884568	0.292045	0.180408	2.517579	0.005000	0.048000	0.007000	0.001000	0.021000	0.037000	0.900000	0.100674	1.027925	1.313322	0.900000	0.051017	1.811648	1.385310
0	12500	-140.914998	-140.914998	28.208305	3.122137	91.751849	82.760534	86.267887	103.065424	0.460165	0.228469	2.771655	0.005000	0.048000	0.007000	0.001000	0.021000	0.037000	0.900000	0.100569	1.105899	1.468858	0.900000	0.001116	1.173246	1.424696
0	12600	-139.124224	-139.124224	29.036341	3.010825	93.057305	73.437456	67.566085	53.222939	0.393135	0.304281	2.794681	0.005000	0.048000	0.007000	0.001000	0.021000	0.037000	0.900000	0.100743	1.100990	1.695911	0.900000	0.035221	1.090041	1.506611
0	12700	-138.353056	-138.353056	33.763627	2.971943	93.057305	71.848326	95.709318	56.382223	0.472161	0.717752	2.225994	0.005000	0.048000	0.007000	0.001000	0.021000	0.037000	0.900000	0.101368	1.059934	1.443425	0.900000	0.093080	0.940145	1.535406
0	12800	-138.116284	-138.116284	34.050668	2.600265	93.057305	60.145396	86.933978	67.481919	0.367673	0.628690	2.430678	0.005000	0.048000	0.007000	0.001000	0.021000	0.037000	0.900000	0.100162	0.975078	1.381192	0.900000	0.069811	0.907267	1.531246
0	12900	-139.829800	-139.829800	30.578542	3.185429	87.321817	60.145396	56.008552	60.948529	0.396883	0.809531	2.437806	0.005000	0.048000	0.007000	0.001000	0.021000	0.037000	0.900000	0.101171	1.127409	1.625312	0.900000	0.024749	0.941401	1.504713
0	13000	-139.537317	-139.537317	32.293112	2.688199	100.741889	27.896605	83.440053	82.679148	0.056114	0.940190	2.327142	0.005000	0.048000	0.007000	0.001000	0.021000	0.037000	0.900000	0.103126	1.018357	1.718129	0.900000	0.024754	0.946033	1.466983
0	13100	-139.297140	-139.297140	36.593240	2.127653	101.199243	35.389165	94.184663	117.828306	0.056114	1.321709	2.673213	0.005000	0.048000	0.007000	0.001000	0.021000	0.037000	0.900000	0.104060	1.303730	1.594118	0.900000	0.033576	0.970517	1.456682
0	13200	-137.853317	-137.853317	38.093681	2.250540	102.018522	46.551299	100.580201	153.478868	0.245194	1.453320	3.177071	0.005000	0.048000	0.007000	0.001000	0.021000	0.037000	0.900000	0.104330	1.004264	1.435931	0.900000	0.074674	0.935798	1.438195
0	13300	-138.248985	-138.248985	35.670296	2.215051	96.992071	60.507391	61.113809	64.432523	0.492316	0.559260	3.020704	0.005000	0.048000	0.007000	0.001000	0.021000	0.037000	0.900000	0.102470	1.212447	1.401922	0.900000	0.075870	0.909975	1.441855
0	13400	-139.117573	-139.117573	36.511230	2.124481	96.992071	50.308751	79.184918	121.765619	0.231947	0.472273	3.401433	0.005000	0.048000	0.007000	0.001000	0.021000	0.037000	0.900000	0.102470	1.308193	1.513084	0.900000	0.040598	1.008499	1.464439
0	13500	-143.796703	-143.796703	38.136709	2.323876	91.840377	83.363480	101.858534	57.869901	0.357803	1.025692	3.167560	0.005000	0.048000	0.007000	0.001000	0.021000	0.037000	0.900000	0.102781	1.463815	1.810571	0.900000	0.029745	1.049306	1.515540
0	13600	-143.732864	-143.732864	42.838791	3.085578	89.507742	57.257892	131.827423	33.207461	0.876174	1.207232	2.720829	0.005000	0.048000	0.007000	0.001000	0.021000	0.037000	0.900000	0.103888	1.492067	1.313298	0.900000	0.087465	0.761176	1.539637
0	13700	-142.009833	-142.009833	38.874086	3.391174	85.149552	47.379530	104.170126	64.193987	0.607645	1.010103	2.217301	0.005000	0.048000	0.007000	0.001000	0.021000	0.037000	0.900000	0.103888	1.332574	1.595999	0.900000	0.055783	0.827791	1.543213
0	13800	-138.059237	-138.059237	35.093411	2.104841	89.528002	105.533643	121.940900	128.603934	0.292634	0.621614	2.844994	0.005000	0.048000	0.007000	0.001000	0.021000	0.037000	0.900000	0.100136	1.123428	1.263220	0.900000	0.065609	1.377180	1.511738
0	13900	-140.121589	-140.121589	32.948886	2.775731	85.962201	148.391354	171.826174	72.632838	0.546500	1.002521	2.113285	0.005000	0.048000	0.007000	0.001000	0.021000	0.037000	0.900000	0.100136	1.302587	1.425999	0.900000	0.081301	1.609929	1.516002
0	14000	-137.767883	-137.767883	32.406062	2.833235	89.490317	152.113663	186.518699	194.545461	0.122183	0.770845	2.690933	0.005000	0.048000	0.007000	0.001000	0.021000	0.037000	0.900000	0.100414	1.048529	1.400876	0.900000	0.015663	1.947977	1.512990
0	14100	-139.564313	-139.564313	34.767118	2.245419	92.535322	97.704046	179.493431	143.785966	0.111101	0.712981	3.245019	0.005000	0.048000	0.007000	0.001000	0.021000	0.037000	0.900000	0.101313	1.034485	1.475442	0.900000	0.037562	2.152597	1.443003
0	14200	-138.480779	-138.480779	35.198333	2.245419	93.877457	131.021541	141.020546	91.855380	0.498543	0.990953	2.651435	0.005000	0.048000	0.007000	0.001000	0.021000	0.037000	0.900000	0.101425	0.993415	1.457952	0.900000	0.050019	1.775641	1.426469
0	14300	-139.516070	-139.516070	33.231512	2.980632	96.419986	126.854136	138.512556	155.105491	0.792734	0.946822	2.494407	0.005000	0.048000	0.007000	0.001000	0.021000	0.037000	0.900000	0.102664	1.058363	1.597396	0.900000	0.080505	1.416285	1.399499
0	14400	-140.719171	-140.719171	32.951355	2.345894	98.049184	199.618511	74.627593	62.217093	0.744836	0.469702	2.225941	0.005000	0.048000	0.007000	0.001000	0.021000	0.037000	0.900000	0.102131	1.206993	1.452219	0.900000	0.048071	1.509392	1.434452
0	14500	-142.646643	-142.646643	36.811487	2.404014	91.251766	134.080094	110.631495	38.266952	0.945283	1.156980	2.512006	0.005000	0.048000	0.007000	0.001000	0.021000	0.037000	0.900000	0.100474	1.317435	1.950305	0.900000	0.091913	1.482922	1.381955
0	14600	-141.944040	-141.944040	35.928831	2.475502	87.765829	122.938474	84.206888	72.612736	0.859706	0.725811	2.096660	0.005000	0.048000	0.007000	0.001000	0.021000	0.037000	0.900000	0.100775	1.317435	1.228238	0.900000	0.082465	1.449480	1.325225
0	14700	-141.150896	-141.150896	35.789864	2.850132	88.812279	99.084718	40.720562	80.533380	0.413846	0.296893	2.964592	0.005000	0.048000	0.007000	0.001000	0.021000	0.037000	0.900000	0.102112	1.271334	1.285764	0.900000	0.020599	1.293519	1.370484
0	14800	-139.365145	-139.365145	37.233462	2.616569	91.277704	99.084718	95.130259	171.281719	0.425162	0.268966	3.272914	0.005000	0.048000	0.007000	0.001000	0.021000	0.037000	0.900000	0.102128	1.098133	1.217761	0.900000	0.090577	1.503364	1.384654
0	14900	-141.297225	-141.297225	36.611924	3.202169	88.026151	78.698559	62.655305	47.420579	0.105217	0.129438	3.125242	0.005000	0.048000	0.007000	0.001000	0.021000	0.037000	0.900000	0.103996	1.324542	1.402178	0.900000	0.094020	1.503364	1.411270
0	15000	-142.120813	-142.120813	33.761860	3.648233	88.687732	67.265890	83.734763	64.255917	0.201873	0.339464	2.283927	0.005000	0.048000	0.007000	0.001000	0.021000	0.037000	0.900000	0.103996	1.479200	1.491247	0.900000	0.090564	1.658018	1.369102
0	15100	-139.375918	-139.375918	34.388303	3.648233	87.646909	138.635278	83.973546	116.944435	0.980830	0.530828	2.486170	0.005000	0.048000	0.007000	0.001000	0.021000	0.037000	0.900000	0.102894	1.052870	1.385742	0.900000	0.014811	1.585344	1.365379
0	15200	-138.307870	-138.307870	35.567229	4.496891	70.530265	95.307106	160.694543	184.386474	0.351390	0.620137	2.987215	0.005000	0.048000	0.007000	0.001000	0.021000	0.037000	0.900000	0.101361	1.173790	1.410776	0.900000	0.076099	2.061450	1.300516
0	15300	-141.267425	-141.267425	38.488653	5.576327	53.664062	91.405360	194.702435	149.812915	0.016870	0.381952	2.037312	0.005000	0.048000	0.007000	0.001000	0.021000	0.037000	0.900000	0.101498	1.209777	1.486174	0.900000	0.007944	3.088259	1.382204
0	15400	-141.698053	-141.698053	31.813741	3.601479	39.076365	196.543293	121.474826	88.863482	0.427100	0.159285	2.430134	0.005000	0.048000	0.007000	0.001000	0.021000	0.037000	0.900000	0.108688	1.174730	1.431326	0.900000	0.088044	3.260275	1.339249
0	15500	-141.834402	-141.834402	28.807188	2.634526	32.821001	192.246777	181.562567	107.674098	0.405123	0.021528	2.306432	0.005000	0.048000	0.007000	0.001000	0.021000	0.037000	0.900000	0.102866	1.244957	1.719560	0.900000	0.013098	2.839001	1.391144
0	15600	-140.179752	-140.179752	24.246179	0.626113	42.061077	186.961103	194.646147	67.327965	0.502558	0.523431	2.909683	0.005000	0.048000	0.007000	0.001000	0.021000	0.037000	0.900000	0.105186	1.187182	1.386600	0.900000	0.048418	2.527907	1.406923
0	15700	-142.858189	-142.858189	13.999176	3.515449	48.245415	99.312768	150.138289	46.442455	0.016149	0.208540	2.027758	0.005000	0.048000	0.007000	0.001000	0.021000	0.037000	0.900000	0.105417	1.179713	1.630166	0.900000	0.049568	1.946918	1.440357
0	15800	-141.975687	-141.975687	1.439113	5.897395	55.063563	125.592607	118.252391	67.552732	0.295613	0.676437	2.542274	0.005000	0.048000	0.007000	0.001000	0.021000	0.037000	0.900000	0.104200	1.200698	1.724947	0.900000	0.032535	2.014823	1.390507
0	15900	-141.610192	-141.610192	4.478851	4.574638	28.451358	152.026650	112.294565	58.434618	0.264963	0.880234	2.681903	0.005000	0.048000	0.007000	0.001000	0.021000	0.037000	0.900000	0.108343	1.086677	1.599635	0.900000	0.012174	2.109709	1.348809
0	16000	-143.796755	-143.796755	5.302495	8.843011	20.467399	172.338462	94.044245	33.653372	0.147010	0.395931	2.860067	0.005000	0.048000	0.007000	0.001000	0.021000	0.037000	0.900000	0.114053	1.224002	1.501630	0.900000	0.037794	2.097803	1.385467
0	16100	-146.638453	-146.638453	14.905760	6.476442	45.720862	160.326752	131.639220	91.626505	0.211025	0.225172	2.892660	0.005000	0.048000	0.007000	0.001000	0.021000	0.037000	0.900000	0.110965	1.135842	1.103819	0.900000	0.074104	3.100514	1.350860
0	16200	-141.443140	-141.443140	16.385658	5.735927	60.128197	190.152268	122.910385	58.054611	0.119691	0.400640	2.566047	0.005000	0.048000	0.007000	0.001000	0.021000	0.037000	0.900000	0.105481	1.124044	1.657604	0.900000	0.062810	3.614158	1.412485
0	16300	-142.045395	-142.045395	19.348362	1.426080	33.410687	172.261877	149.189129	112.556990	0.324006	0.536538	2.248774	0.005000	0.048000	0.007000	0.001000	0.021000	0.037000	0.900000	0.107241	1.026557	1.288822	0.900000	0.027493	3.330446	1.330678
0	16400	-141.408551	-141.408551	9.742771	5.056734	46.865790	107.633186	146.118099	131.386043	0.057542	0.642175	2.114925	0.005000	0.048000	0.007000	0.001000	0.021000	0.037000	0.900000	0.106043	1.154074	1.803554	0.900000	0.058496	3.316624	1.280798
0	16500	-144.330773	-144.330773	5.567282	4.033074	29.812360	25.804705	123.711300	127.197588	0.057542	0.967239	1.955102	0.005000	0.048000	0.007000	0.001000	0.021000	0.037000	0.900000	0.102901	1.355472	1.624377	0.900000	0.045857	2.387190	1.268773
0	16600	-141.703274	-141.703274	17.813394	2.679847	47.413488	67.178947	124.747039	152.702931	0.318985	1.008932	3.483577	0.005000	0.048000	0.007000	0.001000	0.021000	0.037000	0.900000	0.113284	0.934579	1.629460	0.900000	0.068006	2.242828	1.249201
0	16700	-141.821660	-141.821660	19.575827	7.405092	56.708396	30.080263	95.143034	78.372323	0.013872	0.569439	2.322994	0.005000	0.048000	0.007000	0.001000	0.021000	0.037000	0.900000	0.108492	1.312262	1.568937	0.900000	0.097346	2.222705	1.249360
0	16800	-138.719258	-138.719258	12.338621	7.956226	45.947638	68.797762	148.863704	48.373524	0.093908	1.419164	2.628953	0.005000	0.048000	0.007000	0.001000	0.021000	0.037000	0.900000	0.102494	1.285007	1.323063	0.900000	0.028790	2.405154	1.235526
0	16900	-142.483840	-142.483840	12.395636	5.519389	53.404664	88.457430	163.015127	75.937696	0.781188	1.297260	2.478292	0.005000	0.048000	0.007000	0.001000	0.021000	0.037000	0.900000	0.111068	1.044660	1.497835	0.900000	0.019576	2.509000	1.262208
0	17000	-142.577236	-142.577236	11.855371	4.383085	46.229685	113.538883	141.872681	157.176308	0.199826	1.088678	2.836741	0.005000	0.048000	0.007000	0.001000	0.021000	0.037000	0.900000	0.106233	1.247551	1.933540	0.900000	0.020102	2.747117	1.212964
0	17100	-142.106661	-142.106661	5.369708	3.347202	32.950251	34.270697	69.586376	66.572443	0.024582	0.459752	3.230921	0.005000	0.048000	0.007000	0.001000	0.021000	0.037000	0.900000	0.102513	1.130762	1.831093	0.900000	0.060368	2.084813	1.255601
0	17200	-141.407302	-141.407302	11.568488	5.570891	36.355735	46.952595	53.321736	75.863749	0.352313	0.369841	3.060877	0.005000	0.048000	0.007000	0.001000	0.021000	0.037000	0.900000	0.102966	1.056955	1.893333	0.900000	0.019308	1.208045	1.300099
0	17300	-140.798650	-140.798650	14.900868	3.653095	48.988889	83.324939	45.716473	98.548938	1.112922	0.474746	3.201629	0.005000	0.048000	0.007000	0.001000	0.021000	0.037000	0.900000	0.105174	1.045971	1.631092	0.900000	0.088910	1.480369	1.218965
0	17400	-139.818666	-139.818666	14.466050	0.044863	47.650012	75.170640	67.744223	112.682588	0.800461	1.016265	2.910119	0.005000	0.048000	0.007000	0.001000	0.021000	0.037000	0.900000	0.106740	1.125235	1.749127	0.900000	0.047970	1.529343	1.211061
0	17500	-139.547079	-139.547079	12.715395	0.835363	37.171395	75.170640	68.757159	132.640115	0.695115	0.835888	3.337109	0.005000	0.048000	0.007000	0.001000	0.021000	0.037000	0.900000	0.104082	0.965752	1.366427	0.900000	0.009676	1.745107	1.188037
0	17600	-139.479943	-139.479943	12.710208	1.215053	34.816016	65.772916	68.651364	82.014933	0.724968	0.673489	3.313891	0.005000	0.048000	0.007000	0.001000	0.021000	0.037000	0.900000	0.106567	1.176767	1.578281	0.900000	0.088198	1.614118	1.209267
0	17700	-139.800302	-139.800302	10.898483	1.638166	45.921272	115.284881	62.050767	160.575786	1.196530	0.367238	3.547886	0.005000	0.048000	0.007000	0.001000	0.021000	0.037000	0.900000	0.102783	1.154836	1.308739	0.900000	0.052568	1.604734	1.227941
0	17800	-139.764421	-139.764421	11.347495	0.324150	48.169368	111.593416	51.086331	156.578287	1.373975	0.188246	3.529762	0.005000	0.048000	0.007000	0.001000	0.021000	0.037000	0.900000	0.104234	1.098875	1.383297	0.900000	0.059008	1.250407	1.300125
0	17900	-143.595229	-143.595229	12.686787	4.750016	49.203085	148.125769	58.257350	162.740954	1.752109	0.027006	4.359873	0.005000	0.048000	0.007000	0.001000	0.021000	0.037000	0.900000	0.102242	1.359168	1.451528	0.900000	0.053713	1.236236	1.351380
0	18000	-141.905427	-141.905427	15.521791	2.973553	45.779000	186.536492	68.031898	159.533280	1.892299	0.223432	3.165000	0.005000	0.048000	0.007000	0.001000	0.021000	0.037000	0.900000	0.101382	1.109421	1.266691	0.900000	0.029128	1.362975	1.366489
0	18100	-141.738455	-141.738455	13.070545	1.988444	35.735633	175.209217	67.909412	135.634629	1.901314	0.307219	3.475897	0.005000	0.048000	0.007000	0.001000	0.021000	0.037000	0.900000	0.108464	1.255165	1.521226	0.900000	0.053464	1.404600	1.351814
0	18200	-144.656048	-144.656048	11.957573	2.974445	46.939439	157.006536	77.065982	35.583660	1.920000	0.560744	2.658321	0.005000	0.048000	0.007000	0.001000	0.021000	0.037000	0.900000	0.104825	1.476322	1.300396	0.900000	0.016977	1.248094	1.415193
0	18300	-142.980926	-142.980926	18.937310	1.941062	43.835118	182.201769	59.147882	128.698218	1.594871	0.393177	2.233109	0.005000	0.048000	0.007000	0.001000	0.021000	0.037000	0.900000	0.104577	0.971359	1.401621	0.900000	0.079815	1.233935	1.407199
0	18400	-143.888566	-143.888566	22.272562	1.385575	45.730474	184.432814	19.728313	11.688565	1.843796	0.174867	3.084876	0.005000	0.048000	0.007000	0.001000	0.021000	0.037000	0.900000	0.101796	1.108358	1.259666	0.900000	0.043440	0.954406	1.409477
0	18500	-140.829015	-140.829015	27.248330	0.232381	42.917791	142.385859	29.467121	9.148817	1.358471	0.142904	2.767789	0.005000	0.048000	0.007000	0.001000	0.021000	0.037000	0.900000	0.101529	1.229870	1.540932	0.900000	0.013421	1.010014	1.404641
0	18600	-141.911697	-141.911697	27.772267	3.852234	48.884975	181.169835	67.021717	154.991278	1.911939	0.499704	2.615243	0.005000	0.048000	0.007000	0.001000	0.021000	0.037000	0.900000	0.103187	1.236786	1.461419	0.900000	0.046620	1.149672	1.382848
0	18700	-143.321602	-143.321602	24.247841	3.526675	41.958125	153.551209	83.316891	106.234611	2.492095	0.481458	3.590133	0.005000	0.048000	0.007000	0.001000	0.021000	0.037000	0.900000	0.102810	1.122439	1.561606	0.900000	0.006187	1.223449	1.298510
0	18800	-147.110321	-147.110321	24.548733	7.689442	35.517128	185.665309	92.084326	49.338473	1.437277	0.690135	2.513874	0.005000	0.048000	0.007000	0.001000	0.021000	0.037000	0.900000	0.113427	1.316658	1.930353	0.900000	0.039915	1.847603	1.271430
0	18900	-142.069088	-142.069088	17.196291	6.367354	54.530526	184.374939	77.032931	10.593715	0.973720	0.580052	2.317623	0.005000	0.048000	0.007000	0.001000	0.021000	0.037000	0.900000	0.107211	1.307651	1.392008	0.900000	0.026064	2.721696	1.257695
0	19000	-144.002677	-144.002677	12.295264	6.070505	38.115486	170.266340	134.994696	99.207786	1.030424	0.398676	3.258139	0.005000	0.048000	0.007000	0.001000	0.021000	0.037000	0.900000	0.109780	1.295284	1.670811	0.900000	0.094546	3.066645	1.229124
0	19100	-139.164216	-139.164216	12.462893	0.444246	33.076932	158.859087	107.663260	37.372757	1.393814	1.292665	2.791035	0.005000	0.048000	0.007000	0.001000	0.021000	0.037000	0.900000	0.101968	1.014449	1.424781	0.900000	0.063024	2.270542	1.195447
0	19200	-142.066224	-142.066224	18.375015	0.872351	36.893873	113.081410	122.488510	8.537891	1.725342	1.588898	2.399266	0.005000	0.048000	0.007000	0.001000	0.021000	0.037000	0.900000	0.106468	1.201392	1.368740	0.900000	0.070673	2.317554	1.149986
0	19300	-142.093195	-142.093195	11.003164	0.286990	44.530971	110.932339	142.701408	38.147438	1.679473	2.207519	2.395856	0.005000	0.048000	0.007000	0.001000	0.021000	0.037000	0.900000	0.115289	1.161701	1.453657	0.900000	0.046630	2.876967	1.135079
0	19400	-141.288123	-141.288123	9.899687	0.471902	38.887359	127.966058	144.111499	84.867319	1.868541	2.271058	2.382598	0.005000	0.048000	0.007000	0.001000	0.021000	0.037000	0.900000	0.105422	1.130757	1.243092	0.900000	0.059619	2.097117	1.158884
0	19500	-141.822045	-141.822045	9.899687	0.414089	42.084300	146.426390	121.967936	10.433133	2.217254	2.428054	2.168043	0.005000	0.048000	0.007000	0.001000	0.021000	0.037000	0.900000	0.112392	1.100560	1.376711	0.900000	0.086409	2.411693	1.156995
0	19600	-142.667128	-142.667128	3.685471	4.444667	53.206593	146.426390	121.967936	10.433133	1.940824	2.597319	2.055226	0.005000	0.048000	0.007000	0.001000	0.021000	0.037000	0.900000	0.104388	1.315803	1.396693	0.900000	0.089568	2.140277	1.152749
0	19700	-140.503055	-140.503055	5.420961	3.655356	46.975999	146.426390	132.492508	13.706751	1.684025	2.035390	2.155642	0.005000	0.048000	0.007000	0.001000	0.021000	0.037000	0.900000	0.109917	1.179942	1.447669	0.900000	0.081079	2.923135	1.127839
0	19800	-142.980844	-142.980844	9.264832	1.251944	51.689265	173.333348	173.801763	54.673101	2.444622	2.711716	2.197546	0.005000	0.048000	0.007000	0.001000	0.021000	0.037000	0.900000	0.120445	1.258438	1.455817	0.900000	0.045560	3.491107	1.106044
0	19900	-144.557025	-144.557025	12.551286	3.432558	51.268811	181.864914	165.858537	54.673101	1.848598	2.505776	1.850461	0.005000	0.048000	0.007000	0.001000	0.021000	0.037000	0.900000	0.116980	1.158281	1.787256	0.900000	0.016427	3.295102	1.128138
0	0	-0.000000	-0.000000	-0.000000	-0.000000	-0.000000	-0.000000	-0.000000	-0.000000	-0.000000	-0.000000	-0.000000	-0.000000	-0.000000	-0.000000	-0.000000	-0.000000	-0.000000	-0.000000	-0.000000	-0.000000	-0.000000	-0.000000	-0.000000	-0.000000	-0.000000
